55107
9887
63032
43775
26646
46744
26916
24444
28242
28444
38997
17745
17474
63171
58789
7899
23713
17310
3277
10038
11313
4916
22315
639
37864
38891
55143
4107
32379
34341
23827
28355
34261
30726
21161
19260
47420
59006
64628
48781
36908
23616
1203
31494
55768
46232
3027
16976
809
6294
10717
3590
26056
28911
15345
31359
55296
24266
15526
20832
22534
47472
13287
39242
13000
34538
59829
51065
18428
27164
4597
12741
14415
22084
11778
43410
8185
50731
42411
56559
38265
51421
21597
16561
41642
32487
58212
34586
21312
30207
9978
4273
53254
1511
25635
2748
14203
1139
61614
42606
62385
63599
16476
47013
65521
18282
55550
14410
51150
39439
14138
26654
14956
2373
48440
11939
41138
17608
57170
53112
22986
15780
59447
6112
1794
27993
37115
49153
60742
20600
61818
33325
32542
23157
54685
16501
35947
35851
39872
45849
32245
62978
27320
27468
8054
7210
49744
15271
46224
12200
21117
15512
43295
2268
17294
62850
60676
16460
65322
42297
39930
40819
24217
3177
44165
48705
24978
29860
4851
9414
10505
21762
45015
55877
34429
60562
63904
22497
39176
22696
8286
19866
31171
7220
20056
16528
8031
11239
4463
31183
22873
29404
11604
375
62515
23478
28351
64268
56741
21552
16726
59830
2185
64417
1545
30187
8158
55892
35711
52787
1486
9586
48956
47680
4680
23716
12641
50967
58367
2328
26587
27724
61835
50146
9598
51738
26144
459
44891
17987
61823
12032
2992
16030
15402
941
5022
44073
35619
60899
45102
38084
41125
7030
34283
48219
7327
25018
50485
7408
1920
42970
33263
16217
65411
58591
24709
55661
56047
27329
10673
55713
54442
30286
57127
51235
21083
36475
47750
43692
34921
34592
27465
11917
9902
16778
22629
5216
31990
62124
23830
50800
18048
39347
48699
48781
23602
56362
5330
17902
46071
1371
56069
2617
19777
59138
47526
41463
25947
45182
50406
4327
44431
287
32231
38475
22709
59564
46203
64520
63551
49392
42695
29301
2544
47589
60432
63822
14882
11004
39592
59252
8793
46149
34712
20623
19353
36121
42646
38415
34687
2253
13172
10345
3360
65477
148
27120
59062
61894
45415
22243
3677
2081
51653
25110
31197
43385
58460
13222
23258
51088
30876
17194
2322
2132
54473
49570
41705
8197
8346
54483
7295
16801
49357
44588
39486
13936
33356
46873
59501
7273
54384
37863
12614
50912
43908
37208
48445
29753
38790
43028
16718
53323
13580
22648
44030
50122
30761
30982
24309
14350
55365
44626
40897
63958
6613
44264
51592
10130
11377
59514
25308
56985
14972
49161
55606
4278
55464
8416
59062
57015
4162
39519
57670
30681
27808
52990
44006
9881
64412
29683
14010
56502
24535
52338
22432
38772
19210
59493
61194
23898
27595
21588
23252
17800
38575
18887
62932
63733
37692
32931
3692
56654
60272
15204
19400
43602
44476
1404
53128
33700
38507
23891
39957
60442
15352
28194
30136
33577
58084
22990
55583
39760
40572
60393
62596
24408
34306
62910
15454
38559
34288
56215
6342
46114
50422
56815
55429
60249
39169
33230
6564
40705
39781
51930
59501
56148
55661
9102
9263
19663
18731
15617
10341
35067
18174
35816
8190
44514
47069
33852
53969
41279
40017
17512
43580
16419
6551
64645
19517
60736
50880
16853
44033
21817
64501
27413
9824
20446
59353
35663
65535
14575
52053
12001
58527
21890
17437
28132
21187
8819
27573
34770
55317
9939
32770
9002
51229
59665
7630
36926
31793
24874
61820
28017
63358
2957
24636
42110
63594
4593
39281
37022
32835
46912
56794
56493
52897
54348
36334
15044
52813
8848
50081
60646
18725
55980
15099
25608
42591
48252
2475
14480
61062
32813
58717
59758
47380
26936
21551
9609
7314
55276
18361
43654
51836
16937
4757
50248
61244
37542
63436
15924
62363
5561
27638
45634
49980
32077
32442
59129
8802
12742
22952
46117
63409
52595
46254
19317
17382
55727
2476
58813
3345
27314
64829
39957
29662
10056
17433
34199
58150
26208
30544
15130
9142
64553
6114
21163
41725
56655
4231
45167
27329
5924
33927
10924
54501
37213
45398
44804
38984
22499
12181
6081
15868
41739
25676
13713
44953
47342
30220
17609
25575
62836
28749
24838
44352
36505
21253
24432
155
61767
55975
23310
21525
10149
42538
51115
17270
36261
43856
60250
51148
646
24045
35951
30705
49164
39600
38564
27172
26787
60035
40366
36284
46756
34247
58019
18171
26370
10250
52219
2312
35486
8858
19031
56005
51756
40814
9810
5449
27262
62506
43627
9799
63816
38641
1767
53183
38513
27244
29077
53640
19113
60506
43018
25227
60190
28656
44331
38739
45662
7235
27239
13339
8575
25680
7776
20939
31099
11013
3658
16955
23738
42874
57556
51167
799
23854
418
47888
6408
26479
53109
51877
33406
52878
36065
2499
4383
22306
49370
18668
60268
66
6413
55227
14768
21097
59523
48772
21804
26447
395
63116
34023
47192
9929
52246
32131
56992
25728
49682
47625
29272
54613
54147
6238
41111
11473
19790
20369
13269
43611
11301
7794
5492
8474
38920
57463
31597
41233
57715
23482
21811
6954
7753
34678
17373
29196
62927
5302
46282
43998
20004
9600
8229
2674
53910
47041
6086
22367
54135
23217
45982
40255
58794
13819
2231
17952
13450
50045
5124
24069
27664
52608
52222
48944
60852
56794
43161
45274
4188
50432
47568
167
5501
54444
34549
40814
21259
55013
11671
4935
38356
20914
8999
44910
43511
53406
16891
1701
12883
24751
26160
51890
58256
14523
25142
39781
59058
24746
58125
50656
41353
42229
29329
49508
41944
64098
61375
13950
44562
51016
62227
30678
5425
5464
56615
46487
34278
8124
2261
36283
58160
53025
25996
24698
45232
44685
52091
31018
56113
35524
44837
25901
26785
63670
36288
64591
32797
18539
60685
44187
41256
12079
6437
38707
51833
38819
48735
16548
46136
20295
65054
54668
18894
41197
59518
57469
56447
41213
11099
24644
27796
62831
61110
21026
10875
3636
63489
23145
28427
3564
22195
25529
53599
27685
44534
63926
21666
42090
7827
15403
32799
63103
27274
31472
23272
24090
1657
36428
64038
59901
56623
35506
34846
36220
54513
32357
19079
25199
1281
64389
21218
11973
43662
36340
48042
24192
36678
10811
58262
41727
52867
44511
13511
4533
57924
49659
7024
6264
6961
43930
48563
31590
12534
43392
24665
360
22244
35286
45266
36794
11661
50016
10253
29681
